     0/149     4.56G    0.1073   0.04077   0.04577    0.1938         3       416         0         0         0         0   0.02762  0.009711  0.009662
     1/149     4.54G    0.0959   0.04206   0.03767    0.1756         3       416         0         0         0         0   0.02917   0.00786  0.007884
     2/149     4.54G   0.09322   0.04361    0.0336    0.1704         8       416         0         0         0         0   0.03051   0.01065   0.01437
     3/149     4.54G   0.09331   0.04042   0.03217    0.1659        13       416         0         0         0         0    0.0327    0.0108  0.006353
     4/149     4.54G   0.09065    0.0417   0.03057    0.1629         6       416         0         0         0         0    0.0279  0.007321  0.006987
     5/149     4.54G   0.08617   0.04634    0.0305     0.163        10       416         0         0         0         0   0.02884  0.008243  0.007255
     6/149     4.54G   0.08438   0.04336   0.03005    0.1578         2       416         0         0         0         0   0.02819  0.006811  0.008282
     7/149     4.54G   0.08386   0.04434   0.02885     0.157         8       416         0         0         0         0   0.03251   0.08553  0.004346
     8/149     4.54G   0.08304   0.04218   0.02942    0.1546         6       416         0         0         0         0   0.02905  0.004805  0.009128
     9/149     4.54G   0.08482   0.04174   0.02797    0.1545         7       416         0         0         0         0   0.02911  0.002933  0.008503
    10/149     4.54G   0.08197   0.04337   0.02888    0.1542         8       416         0         0 1.687e-05 3.374e-06   0.02846  0.003228  0.006151
    11/149     4.54G   0.08278   0.03831   0.02746    0.1485         6       416         0         0 9.491e-06 6.644e-06   0.02733  0.004674  0.008201
    12/149     4.54G   0.08055   0.03774    0.0277     0.146         5       416         0         0 7.445e-06  2.08e-06   0.02694  0.003252  0.006897
    13/149     4.54G   0.08123   0.03652   0.02711    0.1449         6       416         0         0 3.406e-06 1.703e-06   0.02859   0.01012   0.00523
    14/149     4.54G   0.07712   0.03699   0.02739    0.1415         8       416         0         0         0         0   0.02611  0.001973  0.004491
    15/149     4.54G   0.07485   0.03221   0.02517    0.1322         8       416         0         0 1.492e-05 1.044e-05   0.02671  0.001494  0.004154
    16/149     4.54G   0.07273   0.03244   0.02459    0.1298         7       416         0         0         0         0   0.02586  0.003539  0.006568
    17/149     4.54G   0.06914    0.0314   0.02378    0.1243         3       416         0         0 4.929e-06 9.858e-07   0.02719  0.005825  0.006627
    18/149     4.54G   0.07249   0.03454   0.02498     0.132         5       416         0         0         0         0   0.02572  0.004601  0.008289
    19/149     4.54G   0.07057    0.0296   0.02269    0.1229         5       416         0         0 0.0007813 0.0001563   0.02508  0.002519  0.003271
    20/149     4.54G   0.06721   0.03126   0.02343    0.1219        12       416         0         0         0         0   0.02862   0.02007  0.002441
    21/149     4.54G   0.06527   0.03134   0.02298    0.1196         4       416         0         0 0.0001563 1.563e-05   0.02657 0.0009684  0.002243
    22/149     4.54G   0.06438   0.03026   0.02093    0.1156         8       416         0         0         0         0   0.02673  0.001143  0.001615
    23/149     4.54G   0.06549    0.0306   0.02089     0.117        13       416         0         0         0         0   0.02575  0.001886   0.00391
    24/149     4.54G   0.06105   0.03099   0.01967    0.1117         7       416         0         0         0         0    0.0253  0.002469  0.005855
    25/149     4.54G     0.062   0.02978    0.0186    0.1104         9       416         0         0 0.0006575 6.575e-05   0.02532  0.001138  0.003186
    26/149     4.54G   0.05997   0.03026   0.01872     0.109         4       416         0         0  2.77e-06  2.77e-07   0.02649  0.004017   0.01942
    27/149     4.54G   0.06262   0.02819   0.01728    0.1081         5       416         0         0 0.0005266 0.0001322   0.02368   0.00137  0.001237
    28/149     4.54G   0.05939   0.02852   0.01671    0.1046        13       416         0         0 9.154e-05 2.129e-05   0.02473   0.00134 0.0008648
    29/149     4.54G   0.06208   0.02882   0.01917    0.1101         9       416         0         0 0.0007513 0.0004204   0.02483  0.001959  0.004262
    30/149     4.54G   0.05804   0.02763     0.016    0.1017         8       416         0         0 0.0001194  2.99e-05   0.02292   0.00257  0.001659
    31/149     4.54G   0.06085   0.02694   0.01606    0.1039        13       416         0         0 0.0001769 3.051e-05   0.02405  0.002001  0.002748
    32/149     4.54G   0.05505   0.02677   0.01655   0.09837         1       416         0         0 0.0001407 1.407e-05   0.02324  0.002235  0.004849
    33/149     4.54G    0.0585   0.02721   0.01511    0.1008        10       416         0         0  0.000629 0.0001447   0.02182  0.002148  0.001428
    34/149     4.54G   0.05956   0.02769   0.01494    0.1022         6       416         0         0 0.0002211 4.617e-05   0.02315  0.001684 0.0009831
    35/149     4.54G   0.05688   0.02783   0.01483   0.09954         8       416         0         0 2.115e-05 2.115e-06   0.02394  0.002485   0.01222
    36/149     4.54G   0.05768   0.02778   0.01426   0.09972         6       416         0         0  0.001741 0.0003481   0.02314  0.001635  0.001049
    37/149     4.54G   0.05731   0.02803   0.01527    0.1006        12       416         0         0 7.251e-05 1.273e-05   0.02415  0.004098   0.01605
    38/149     4.54G   0.05517    0.0274   0.01312   0.09568        11       416         0         0  0.001399 0.0001719   0.02143  0.001802   0.00224
    39/149     4.54G   0.05437   0.02751   0.01254   0.09442         1       416         0         0  0.001417 0.0004127   0.02243  0.001702  0.007242
    40/149     4.54G   0.05441   0.02839   0.01249   0.09529         8       416         0         0  0.002571 0.0005681   0.02136  0.001756  0.001142
    41/149     4.54G   0.05431   0.02697   0.01133    0.0926         9       416         0         0  0.001044 0.0002156   0.02229  0.001913 0.0007894
    42/149     4.54G   0.05463   0.02753   0.01253   0.09469         4       416         0         0  0.003985 0.0007135   0.02052  0.001618  0.002402
    43/149     4.54G   0.05262   0.02559   0.01044   0.08864         5       416         0         0  0.004761 0.0006856   0.02112  0.001623  0.001212
    44/149     4.54G   0.05334   0.02737   0.01168   0.09239         1       416    0.2279   0.01136   0.01189  0.001972   0.02074   0.00167  0.001316
    45/149     4.54G   0.05191   0.02646   0.01181   0.09018         5       416    0.1583   0.02131   0.01104  0.002172   0.02078  0.001896 0.0008769
    46/149     4.54G     0.053   0.02496  0.008764   0.08673        10       416   0.02949   0.01136   0.01295  0.005094   0.02145  0.003326  0.007403
    47/149     4.54G   0.05386   0.02594   0.01281   0.09261         7       416         0         0  0.009514   0.00141   0.02219  0.001667 0.0008431
    48/149     4.54G   0.05144   0.02699   0.01214   0.09056         9       416         0         0  0.001984 0.0004438   0.02001  0.003073   0.00172
    49/149     4.54G    0.0526    0.0254   0.01148   0.08947        20       416    0.2175   0.01136   0.01807  0.006063   0.02058   0.00161  0.001309
    50/149     4.54G   0.05238   0.02514   0.01106   0.08858         5       416    0.1218   0.01107   0.00513   0.00287   0.02053  0.001856 0.0007566
    51/149     4.54G   0.04841   0.02442   0.01148    0.0843         8       416    0.1691   0.01136   0.02448  0.005188   0.02061  0.001664 0.0007635
    52/149     4.54G   0.05019   0.02604   0.01112   0.08735         8       416         0         0 0.0003668 0.0001093   0.02103  0.003724  0.009816
    53/149     4.54G   0.05048   0.02348  0.009762   0.08372         6       416         0         0  0.001959  0.000535   0.02186  0.001436  0.001668
    54/149     4.54G   0.04945   0.02614   0.01074   0.08633        10       416     0.372   0.01136   0.01673  0.004173   0.02178   0.00141  0.000734
    55/149     4.54G   0.04938   0.02426  0.009187   0.08283        11       416    0.1326   0.01136   0.01262  0.003415   0.02019  0.001701  0.000732
    56/149     4.54G   0.04612   0.02433  0.007438   0.07789         6       416   0.08107   0.02273   0.01036  0.001404   0.01954  0.002507  0.001249
    57/149     4.54G   0.05038   0.02405  0.007217   0.08165         9       416    0.1003   0.01136   0.01373  0.003114   0.01882  0.001903 0.0006613
    58/149     4.54G     0.048   0.02548  0.006255   0.07973         3       416     0.197   0.02273   0.03587  0.008644   0.01936  0.001657  0.000883
    59/149     4.54G   0.04601   0.02336  0.008096   0.07747         6       416    0.0917   0.01296   0.02102  0.002295   0.01896  0.002154  0.001968
    60/149     4.54G   0.04695   0.02368  0.008961   0.07958        10       416    0.1365   0.03409   0.03297  0.006697   0.01867  0.002502  0.001563
    61/149     4.54G   0.04812   0.02344  0.008463   0.08002         7       416    0.1831   0.02273   0.02236  0.005364   0.01867  0.002358  0.001632
    62/149     4.54G   0.04718   0.02329  0.006978   0.07745         4       416   0.08783   0.01136   0.01783  0.003761   0.01972  0.001905 0.0006287
    63/149     4.54G   0.04557   0.02307  0.007905   0.07655         4       416    0.1566   0.03409   0.04011   0.01213   0.01928  0.001824 0.0008233
    64/149     4.54G   0.04672    0.0242  0.006727   0.07765         6       416    0.1868   0.02273   0.03585  0.006769   0.01904  0.001696 0.0008079
    65/149     4.54G   0.04492   0.02341  0.007657   0.07598        17       416    0.2413   0.02273   0.02564  0.005187   0.01938    0.0017 0.0009402
    66/149     4.54G   0.04455   0.02381  0.007049    0.0754         9       416    0.1982   0.02273   0.03191  0.007654   0.01886  0.002002 0.0008047
    67/149     4.54G   0.04441   0.02428  0.007222   0.07592         6       416    0.1667   0.01136   0.01993   0.00223   0.01958  0.002261  0.008197
    68/149     4.54G   0.04408   0.02221  0.006549   0.07283        10       416     0.275   0.03409   0.05279   0.01405   0.01856  0.001691 0.0007492
    69/149     4.54G   0.04432   0.02299  0.006528   0.07384        16       416    0.2004   0.01136   0.03614    0.0102   0.01883  0.001643 0.0007954
    70/149     4.54G   0.04301   0.02319  0.006472   0.07266         9       416    0.1587   0.03409   0.03581  0.008889   0.01809  0.001785 0.0007073
    71/149     4.54G   0.04402   0.02428  0.007162   0.07546         9       416     0.481   0.02273   0.04442  0.009155   0.01915  0.001751  0.005377
    72/149     4.54G   0.04297   0.02308  0.006407   0.07245         5       416    0.2874   0.04545   0.06773   0.01535    0.0182  0.001629 0.0006433
    73/149     4.54G   0.04513   0.02326  0.006324   0.07472        12       416    0.2176   0.03409   0.04545   0.01077   0.01844  0.001603 0.0006434
    74/149     4.54G   0.04156   0.02205  0.005727   0.06934         9       416    0.2113   0.03409   0.03486  0.006071   0.01822  0.002221 0.0009276
    75/149     4.54G    0.0429   0.02216  0.004772   0.06983        11       416    0.1814   0.04545   0.05725   0.01839   0.01779  0.001946 0.0006742
    76/149     4.54G   0.04261   0.02189  0.004136   0.06864         6       416    0.2414   0.02273   0.05802   0.01518   0.01829   0.00221  0.001092
    77/149     4.54G    0.0424   0.02177    0.0051   0.06927         4       416    0.4094   0.03409    0.0701   0.02085   0.01825   0.00174 0.0005598
    78/149     4.54G   0.04229   0.02233    0.0068   0.07142         3       416    0.3049   0.04545   0.07354   0.01679   0.01743  0.001863  0.001698
    79/149     4.54G   0.04042   0.02237  0.005098   0.06789        12       416    0.2971   0.03343   0.04711  0.009854   0.01868  0.001722  0.001553
    80/149     4.54G   0.04099    0.0203  0.005368   0.06665         9       416         0         0  0.003471   0.00072   0.01907  0.003295   0.01066
    81/149     4.54G   0.03906   0.02193  0.005229   0.06621         3       416    0.1813   0.04526   0.06094   0.01868   0.01755  0.001698 0.0007809
    82/149     4.54G   0.04335   0.02268  0.004675    0.0707         9       416    0.1735   0.04545   0.05835   0.01517   0.01802  0.001874 0.0005893
    83/149     4.54G   0.04056   0.02199  0.004877   0.06743         5       416    0.1018   0.05682   0.05437  0.009802   0.01778  0.001901 0.0006087
    84/149     4.54G   0.04005   0.02218  0.004989   0.06722         9       416    0.1267   0.04545   0.04296   0.01205   0.01762  0.001663 0.0007953
    85/149     4.54G   0.04021   0.02086  0.004274   0.06534         8       416    0.2266    0.1136   0.08889    0.0206   0.01708  0.001735 0.0006807
    86/149     4.54G   0.04152   0.02045  0.003837   0.06581         5       416    0.1729   0.05682   0.07799   0.02009   0.01706  0.001593 0.0006837
    87/149     4.54G   0.04038   0.02044  0.005982    0.0668         4       416     0.211   0.03409    0.0232  0.009606   0.02009  0.002381  0.009771
    88/149     4.54G   0.04106    0.0215  0.004408   0.06696        10       416    0.1602   0.04545   0.04916   0.01767   0.01741  0.001592  0.001037
    89/149     4.54G   0.03828   0.02031  0.004283   0.06288         5       416    0.1641   0.09091   0.07119   0.01855   0.01682  0.001555  0.001476
    90/149     4.54G   0.04016   0.02069  0.003787   0.06463         5       416    0.3299   0.04428   0.08078   0.02085   0.01681  0.001631  0.001336
    91/149     4.54G   0.03872   0.01933  0.004122   0.06217         6       416    0.1659   0.06818   0.08361   0.02518   0.01673  0.001755  0.001025
    92/149     4.54G   0.03859   0.02191   0.00359   0.06409         7       416    0.2194    0.1023   0.09475   0.02539   0.01662  0.001732 0.0007269
    93/149     4.54G   0.03701   0.01986  0.004393   0.06127         3       416    0.2589   0.09091   0.08737   0.02978   0.01688  0.001736 0.0009703
    94/149     4.54G   0.03857   0.02093  0.004863   0.06437         7       416    0.2047   0.09091   0.09276   0.02605   0.01653  0.001647 0.0008558
    95/149     4.54G   0.03949   0.02026  0.004608   0.06436        18       416   0.07997     0.125   0.08398   0.03119   0.01602  0.001721 0.0009092
    96/149     4.54G   0.03746   0.02228  0.005032   0.06477        12       416     0.113    0.1261   0.09277   0.03174   0.01613  0.001644  0.000919
    97/149     4.54G   0.03815   0.02007  0.005025   0.06325         6       416    0.3424   0.05682   0.08639   0.02888   0.01632  0.001726  0.001407
    98/149     4.54G   0.03679   0.02119  0.002934   0.06091         8       416    0.2706    0.1023    0.1147    0.0342   0.01661   0.00166 0.0008928
    99/149     4.54G   0.03824   0.02185  0.003716   0.06381         7       416    0.2387    0.1136    0.1136   0.03356   0.01595  0.001588 0.0006384
   100/149     4.54G    0.0384   0.02046  0.003969   0.06283         3       416    0.2358    0.1136    0.1001   0.02821    0.0158  0.001706 0.0007326
   101/149     4.54G   0.03819   0.02075  0.003855   0.06279        14       416     0.207    0.1136    0.1101   0.02742   0.01577  0.001871 0.0005986
   102/149     4.54G   0.03509    0.0202  0.003407   0.05869         9       416    0.1254   0.09132   0.07973    0.0263   0.01535  0.001735 0.0009098
   103/149     4.54G    0.0352    0.0213  0.003308    0.0598         9       416   0.09012    0.1364    0.1085   0.03637   0.01529   0.00179 0.0007707
   104/149     4.54G   0.03554   0.02007   0.00372   0.05934        11       416    0.1055    0.1155    0.1074   0.04326   0.01508  0.001797 0.0008878
   105/149     4.54G    0.0361   0.02096   0.00378   0.06084         5       416   0.09432    0.1591   0.09725   0.04178   0.01511  0.001796 0.0005172
   106/149     4.54G   0.03544    0.0189  0.002465    0.0568         2       416   0.07325    0.1932    0.1008   0.02701   0.01613  0.001762  0.000519
   107/149     4.54G   0.03559   0.01917  0.003686   0.05845         6       416    0.1523    0.1364    0.1072   0.03431   0.01532  0.001812 0.0005044
   108/149     4.54G   0.03742   0.01916  0.003429   0.06001        15       416    0.1555   0.09091   0.08876   0.02651   0.01548  0.001917  0.000588
   109/149     4.54G   0.03498   0.01939  0.003285   0.05766         3       416    0.1004    0.1364    0.1115   0.05496   0.01487  0.001783 0.0004517
   110/149     4.54G   0.03465    0.0197  0.003696   0.05804        11       416    0.1337     0.125    0.1154   0.05231   0.01471  0.001707 0.0004749
   111/149     4.54G    0.0328   0.01942  0.002575    0.0548        12       416    0.1752    0.1364    0.1162   0.05205   0.01456  0.001657  0.000677
   112/149     4.54G   0.03511   0.01929  0.002786   0.05719         8       416    0.1357    0.1477    0.1194   0.04683    0.0151  0.001611 0.0005591
   113/149     4.54G   0.03357   0.01883  0.003509   0.05591         7       416   0.08752    0.1591    0.1199   0.05832   0.01518  0.001558 0.0005979
   114/149     4.54G   0.03362   0.01864  0.002072   0.05434         6       416    0.1067    0.1477    0.1181   0.04697   0.01493  0.001587  0.001171
   115/149     4.54G   0.03471   0.01912  0.002964   0.05679         6       416     0.166    0.1136    0.1221   0.05047   0.01533  0.001599  0.001153
   116/149     4.54G   0.03338   0.01943  0.002788   0.05559         8       416     0.131    0.1136     0.113   0.05699   0.01414  0.001588 0.0006486
   117/149     4.54G   0.03378   0.02035  0.002252   0.05638         6       416    0.1298    0.1591     0.126   0.05109   0.01427  0.001606 0.0005752
   118/149     4.54G   0.03133   0.01895  0.002872   0.05316         6       416    0.1505    0.1567    0.1183   0.05195   0.01459  0.001617 0.0005605
   119/149     4.54G   0.03165    0.0203   0.00238   0.05433         5       416   0.09909    0.1364    0.1293   0.04938   0.01464  0.001703 0.0007222
   120/149     4.54G   0.03257   0.01857   0.00217   0.05331        10       416    0.1252    0.1477    0.1231   0.03762   0.01484  0.001777 0.0005608
   121/149     4.54G   0.03136   0.01919  0.003787   0.05433        13       416    0.1009    0.1364    0.1338    0.0455   0.01454  0.001612 0.0004701
   122/149     4.54G   0.03172   0.01869  0.002839   0.05325         2       416    0.1113    0.1591    0.1312   0.04333   0.01442  0.001514 0.0005015
   123/149     4.54G    0.0334   0.01814  0.002786   0.05432        15       416    0.1086     0.125    0.1032   0.03168   0.01469  0.001543 0.0004835
   124/149     4.54G   0.03246   0.01944  0.002115   0.05402         8       416   0.09755    0.1477    0.1018   0.03732   0.01453  0.001558 0.0005463
   125/149     4.54G    0.0326   0.01953  0.002274   0.05441         7       416    0.1179    0.1579    0.1169   0.03776   0.01508  0.001499 0.0004655
   126/149     4.54G    0.0306   0.01915  0.001797   0.05155        11       416   0.07915    0.1591     0.121   0.04973   0.01447  0.001564 0.0005218
   127/149     4.54G   0.03325   0.01811  0.002355   0.05372         7       416   0.09007    0.1818     0.132   0.05642   0.01404  0.001544 0.0005266
   128/149     4.54G   0.03066   0.01808  0.002925   0.05167         4       416    0.1448    0.1705    0.1325   0.05386   0.01413  0.001554 0.0005561
   129/149     4.54G    0.0297   0.01846  0.001622   0.04978         3       416    0.1726    0.1591    0.1192    0.0485   0.01405  0.001624 0.0007394
   130/149     4.54G   0.03129    0.0181  0.001511    0.0509         8       416    0.1302     0.148    0.1259   0.04733    0.0142  0.001548 0.0005075
   131/149     4.54G   0.02975    0.0189  0.001575   0.05023         4       416    0.1135    0.1705    0.1451   0.05339   0.01424  0.001624  0.000616
   132/149     4.54G   0.03111   0.01863   0.00139   0.05113         5       416   0.07805    0.2144    0.1257   0.04533   0.01445  0.001581 0.0005911
   133/149     4.54G   0.03058   0.01892   0.00167   0.05118         9       416    0.1073    0.1818    0.1275   0.04368   0.01422  0.001537 0.0006974
   134/149     4.54G   0.03153    0.0189   0.00229   0.05272         6       416    0.1457    0.1705    0.1368   0.06335   0.01374  0.001519 0.0006249
   135/149     4.54G   0.03087   0.01731  0.003226    0.0514         6       416    0.1103    0.1705    0.1273   0.06065   0.01389  0.001584 0.0004773
   136/149     4.54G   0.03074   0.01733  0.002498   0.05057         6       416    0.1078    0.1818    0.1364   0.05586   0.01408  0.001544 0.0004596
   137/149     4.54G   0.02986   0.01745  0.002533   0.04985         7       416    0.1139    0.1932    0.1492   0.07237   0.01381  0.001464 0.0004553
   138/149     4.54G   0.03109   0.01769  0.002114    0.0509         7       416    0.1264    0.1932    0.1579   0.07192   0.01349  0.001511 0.0004861
   139/149     4.54G    0.0302   0.01738  0.003764   0.05134         6       416    0.1499    0.1932    0.1659   0.07157   0.01386  0.001497 0.0004832
   140/149     4.54G   0.03075   0.01757  0.002338   0.05066         8       416    0.1447    0.1932    0.1664   0.08228   0.01373  0.001443 0.0004522
   141/149     4.54G   0.03182   0.01749  0.002686     0.052         8       416    0.1268    0.2045    0.1604   0.07949   0.01359  0.001441 0.0004546
   142/149     4.54G   0.02885   0.01782  0.003134    0.0498        10       416    0.1493    0.1705    0.1617   0.08701    0.0138  0.001472 0.0004502
   143/149     4.54G   0.03068   0.01762  0.002038   0.05033         8       416    0.1537    0.1932    0.1646   0.07648    0.0136  0.001517 0.0004397
   144/149     4.54G   0.03091   0.01755   0.00295   0.05141        10       416    0.1353    0.2159    0.1663   0.07693   0.01381  0.001609 0.0004298
   145/149     4.54G   0.02917   0.01788  0.001579   0.04863         9       416    0.1111    0.2273    0.1633   0.07656   0.01387  0.001583 0.0004322
   146/149     4.54G   0.03077   0.01758  0.002435   0.05078         5       416    0.1105    0.1932     0.157   0.06855   0.01397  0.001599 0.0004286
   147/149     4.54G   0.02898   0.01854  0.001819   0.04934         9       416    0.1173    0.2159      0.17   0.07928   0.01356  0.001499 0.0004088
